start=224.640000
speed=1.464100
