start=385.927208
speed=1.331000
