start=2219.440000
speed=1.948717
