start=931.164498
speed=1.210000
