start=615.531583
speed=1.331000
