start=809.560000
speed=1.210000
