start=1165.733333
speed=1.331000
