start=814.000000
speed=1.210000
