start=837.904571
speed=1.331000
