start=101.833333
speed=1.331000
