start=1157.466667
speed=1.948717
