start=525.040000
speed=1.464100
pause=yes
