start=729.920000
speed=1.502630
