start=2184.533333
speed=1.210000
