start=176.801625
speed=1.464100
fullscreen=yes
