start=575.500000
speed=1.464100
