start=1824.840000
speed=1.100000
fullscreen=yes
