start=105.400000
speed=1.464100
