start=534.840000
speed=1.331000
