start=649.466667
speed=1.331000
