start=690.166667
speed=1.331000
