start=127.894478
speed=1.464100
