start=104.866667
speed=1.044312
