start=1887.033333
speed=1.210000
fullscreen=yes
