start=0.033333
speed=1.100000
