start=447.333333
speed=1.464100
