start=505.400000
speed=1.210000
