start=94.800000
speed=1.331000
pause=yes
